377,220,27,84
385,218,22,89
384,223,26,90
380,228,34,85
381,230,36,84
377,232,40,84
375,236,49,82
369,237,56,80
372,241,51,76
368,241,56,77
365,238,53,79
366,244,49,73
363,245,50,71
362,248,51,71
364,245,45,75
360,248,45,74
362,245,34,78
360,245,31,73
358,243,24,79
350,241,24,78
340,241,27,80
336,241,29,76
329,239,34,78
325,241,37,71
329,240,38,72
332,238,46,74
337,241,47,68
338,235,53,75
340,241,54,73
342,245,55,70
349,244,50,73
353,244,48,73
354,241,48,76
354,241,47,82
361,241,43,80
368,241,36,81
374,243,32,82
381,243,27,78
384,244,25,80
382,244,29,77
378,245,41,77
381,245,44,74
375,243,58,78
374,241,58,80
375,236,62,85
377,243,64,74
384,238,61,89
389,237,66,87
401,238,58,82
408,238,54,81
417,237,46,83
429,240,42,75
442,238,31,76
450,236,27,81
454,237,27,81
455,238,35,75
455,239,46,74
453,239,54,70
455,242,58,67
452,237,65,71
446,235,71,73
443,236,72,75
444,236,69,75
445,237,65,74
448,239,61,74
449,240,59,74
457,240,48,77
463,241,41,74
472,243,30,72
477,243,26,77
481,248,23,73
481,248,26,78
478,254,38,70
475,257,46,68
477,255,50,74
476,254,50,79
475,257,53,72
472,254,55,78
471,253,49,76
470,251,45,81
469,249,38,81
466,247,31,77
462,244,26,75
455,241,26,76
446,238,23,74
433,238,34,71
424,239,41,66
413,237,48,68
404,235,50,61
393,232,56,59
388,229,59,63
379,227,66,59
372,225,67,63
367,222,63,68
363,225,61,63
355,223,60,67
348,224,54,65
343,226,46,66
336,228,39,65
328,229,36,67
321,237,26,64
312,239,21,64
295,242,28,65
280,245,37,63
262,245,47,68
251,245,54,70
237,245,63,74
233,250,64,64
229,245,65,74
229,241,61,72
228,238,61,69
229,237,53,67
230,230,49,67
233,229,40,64
245,225,27,62
253,221,19,68
254,219,26,64
254,214,35,67
255,209,42,71
259,203,48,76
266,201,51,79
274,197,51,83
285,196,52,85
296,193,51,88
308,192,46,89
325,195,44,85
341,193,36,83
357,193,32,83
374,193,25,81
382,192,39,79
393,191,48,78
401,192,56,75
409,191,64,78
417,186,69,84
429,186,65,81
437,180,66,85
448,181,64,85
459,177,50,88
469,177,42,83
482,178,35,76
493,176,28,80
492,181,35,72
490,181,51,68
491,182,56,61
486,184,70,54
489,185,76,56
487,182,86,57
494,181,82,57
493,180,84,56
497,180,79,59
500,179,69,60
502,175,60,66
498,173,57,69
501,171,44,71
501,173,28,71
495,171,28,74
484,168,33,77
473,173,47,70
463,171,54,70
454,174,58,71
445,176,63,69
437,174,62,71
429,177,63,70
427,174,58,72
425,173,53,76
426,173,49,78
433,176,35,76
434,174,27,76
433,175,21,78
430,179,27,74
421,177,40,72
413,180,48,68
408,182,55,69
405,184,62,68
401,183,68,72
401,185,65,68
397,184,72,73
400,185,65,75
402,184,61,81
405,182,54,87
410,184,43,84
414,187,35,83
417,186,26,83
419,190,30,80
416,187,39,83
416,188,53,80
406,193,65,74
405,194,71,74
403,194,74,72
405,193,78,74
407,193,79,76
417,191,74,78
426,187,69,82
436,184,56,80
449,181,43,80
459,181,31,81
470,181,23,80
468,180,39,76
464,182,56,71
466,182,65,68
466,184,73,62
465,183,82,62
463,184,86,57
461,182,84,58
462,180,86,61
461,179,80,60
467,178,74,67
470,178,67,68
475,174,51,72
477,176,44,74
479,174,32,76
480,173,24,82
470,173,33,82
460,175,39,78
447,177,53,79
439,181,58,75
425,181,63,77
414,182,62,75
401,185,63,70
394,182,60,73
384,181,55,76
376,186,47,72
369,187,39,74
362,189,34,72
357,189,23,76
349,192,25,72
339,193,33,71
328,193,38,69
316,191,49,67
307,192,54,65
295,189,62,67
288,191,62,64
278,189,65,68
270,190,68,68
265,189,60,69
257,190,60,71
249,189,59,72
249,191,47,70
242,189,43,75
243,193,27,72
237,194,26,72
235,196,21,73
223,200,33,68
212,203,41,66
197,205,55,71
188,208,58,73
179,210,65,73
169,214,68,71
163,214,65,74
158,217,66,76
153,219,63,78
149,222,58,77
149,222,48,76
149,223,36,78
150,223,26,78
149,224,21,74
143,224,32,77
137,223,41,74
134,223,50,67
135,222,62,69
138,221,65,68
141,217,68,69
141,216,73,71
142,213,70,76
145,209,69,78
148,208,61,77
151,205,56,80
156,205,49,80
165,203,37,82
170,201,28,80
175,203,23,80
175,205,34,78
173,205,44,79
170,205,55,76
171,204,62,76
172,204,65,72
173,201,69,74
177,202,70,75
181,201,68,77
192,201,64,78
197,201,60,78
209,201,51,77
219,205,42,75
231,203,30,76
243,199,22,81
243,203,29,74
246,205,39,72
246,205,49,69
248,208,56,65
249,206,64,67
249,205,68,68
253,208,67,66
252,205,69,67
253,205,70,68
255,202,65,68
261,202,59,68
265,201,48,71
270,201,39,67
275,199,32,70
278,196,22,77
277,195,24,74
273,194,32,72
266,192,39,73
256,190,51,77
252,190,53,76
249,185,52,82
243,186,54,77
239,185,55,80
233,183,51,81
230,184,47,80
225,185,43,79
222,186,37,77
221,185,26,79
221,183,20,80
208,183,31,78
199,182,36,75
187,185,47,71
173,181,56,71
163,180,63,69
155,177,70,72
145,177,71,67
137,173,72,76
131,171,72,74
125,167,69,77
124,163,63,82
121,161,57,82
122,155,49,87
128,152,39,88
135,151,28,86
138,152,23,81
137,149,32,87
133,148,42,83
133,148,50,81
129,145,64,84
132,148,66,83
133,149,71,82
138,152,73,79
143,156,73,80
149,156,71,81
157,157,64,80
161,158,54,81
165,160,43,81
167,162,32,83
168,164,22,86
160,171,29,78
152,176,41,78
145,181,51,72
137,185,62,70
135,185,71,69
133,183,73,69
134,183,77,66
136,181,76,64
144,182,73,67
152,179,70,70
161,181,66,70
173,177,56,72
183,175,49,71
192,172,41,73
204,169,30,77
211,167,23,79
213,166,23,75
207,161,32,80
205,157,36,79
201,157,39,77
195,155,43,76
189,153,47,82
182,153,48,77
179,151,49,80
173,149,48,82
166,144,47,85
163,143,40,85
161,145,36,81
159,145,26,80
156,148,23,77
152,149,24,80
145,152,27,74
135,154,37,72
127,154,44,74
120,155,48,69
108,153,60,69
104,156,62,68
96,155,68,70
89,153,72,72
84,157,72,67
77,152,72,73
71,151,72,76
61,145,75,83
59,141,70,84
54,139,67,86
49,135,63,90
45,135,57,88
46,129,47,99
41,133,41,91
40,131,33,93
33,129,28,97
29,129,26,95
20,130,33,94
11,129,38,93
1,128,47,97
1,129,45,85
1,131,42,79
1,133,40,76
1,138,40,64
1,136,37,66
1,138,32,61
1,145,32,52
1,142,31,56
1,141,29,56
1,145,22,42
1,149,14,28
5,160,-0,-0
5,160,-0,-0
5,160,-0,-0
5,160,-0,-0
5,160,-0,-0
5,160,-0,-0
5,160,-0,-0
5,159,-0,-0
5,158,-0,-0
1,196,23,47
1,190,28,51
1,181,36,64
1,169,48,76
1,162,54,79
10,161,57,79
27,161,53,76
41,157,55,78
58,160,51,71
73,160,46,72
89,161,38,68
101,161,36,68
117,158,28,71
130,158,24,71
140,157,21,72
152,149,21,78
158,149,25,79
164,147,26,78
173,142,28,80
180,141,31,80
185,142,33,79
192,137,32,82
195,136,32,82
198,136,35,85
198,134,42,83
200,133,40,84
205,139,36,75
209,137,33,78
209,136,30,77
213,137,24,77
213,135,20,78
214,138,18,78
211,137,22,78
204,139,28,72
197,138,36,78
192,138,39,75
185,138,47,75
178,138,53,74
173,140,59,71
169,137,62,71
165,141,63,66
162,140,70,69
158,136,71,72
157,137,70,73
155,133,67,74
146,128,77,78
144,129,72,83
140,128,62,81
134,127,62,84
134,126,53,85
128,124,51,89
126,123,46,93
122,122,36,92
116,121,35,92
116,117,31,97
117,121,24,92
116,124,23,89
114,125,29,91
114,125,34,91
115,132,38,86
117,133,40,84
118,136,47,82
120,137,50,83
124,141,50,81
129,146,54,80
137,147,49,82
142,148,49,81
151,149,47,86
160,153,45,84
167,157,47,80
177,157,44,77
189,158,42,78
201,157,41,75
213,155,37,75
224,152,35,74
238,151,31,74
251,150,26,71
259,145,22,76
271,142,19,71
275,138,26,73
281,132,27,73
285,127,34,72
289,121,39,74
292,117,43,69
294,109,48,74
297,107,46,68
297,103,52,70
300,100,53,65
299,95,59,62
302,93,58,60
298,89,66,57
300,91,64,51
299,90,67,51
300,91,66,50
298,93,68,50
297,93,67,52
298,89,63,61
294,85,63,68
294,84,55,72
294,81,51,76
293,82,44,79
293,85,36,81
289,88,33,88
287,89,25,92
279,90,24,97
270,96,27,93
258,96,34,93
246,97,40,93
231,96,50,93
219,97,53,93
207,102,57,89
194,102,65,91
181,102,64,95
167,105,66,90
153,101,64,96
142,103,64,90
133,101,64,92
128,101,57,89
124,97,57,87
125,95,52,86
128,97,48,80
130,100,48,75
136,103,47,70
142,104,42,67
151,101,37,67
162,102,30,65
170,100,30,65
182,97,23,72
193,99,21,78
201,101,28,75
213,102,28,79
225,104,29,81
239,108,27,79
250,107,30,86
261,112,32,85
273,113,32,82
282,116,38,81
289,113,39,85
294,118,43,75
297,121,44,73
301,121,49,72
303,127,57,62
306,131,58,58
310,135,59,50
312,137,62,48
313,137,64,47
319,136,62,48
320,134,58,50
322,135,57,50
321,133,55,56
324,130,49,61
327,132,44,59
325,127,42,69
325,130,39,69
325,129,32,71
325,128,28,73
325,130,25,71
321,130,26,72
319,125,25,76
317,126,24,75
313,121,23,78
309,122,26,75
305,125,26,71
303,119,27,73
296,120,29,72
297,110,27,80
289,111,32,79
286,104,27,87
284,103,27,85
276,101,31,88
273,100,30,91
272,97,29,93
267,95,33,97
269,96,28,95
265,97,36,96
262,95,40,96
259,97,43,93
254,97,51,97
249,98,56,94
241,98,64,95
235,99,66,91
230,103,67,87
223,101,68,87
217,105,70,84
213,105,69,85
213,108,66,87
209,114,62,88
209,117,61,88
207,120,54,93
210,126,47,90
215,129,42,91
216,133,40,92
219,138,39,92
223,148,33,92
228,157,33,88
230,164,34,88
237,170,32,87
240,176,31,83
245,181,29,79
247,185,32,78
251,187,31,76
257,193,25,74
263,195,26,72
266,194,24,76
273,196,20,75
277,193,19,76
284,187,17,82
288,184,17,80
290,177,21,86
293,178,23,82
297,174,24,79
300,171,25,82
302,169,26,80
306,165,27,78
308,164,32,76
313,158,35,76
313,158,36,71
312,153,40,72
311,154,37,67
306,152,45,71
304,153,49,68
305,153,47,65
308,152,51,68
313,153,52,69
322,157,50,68
333,156,48,71
340,157,45,74
348,160,45,71
360,158,40,75
366,160,40,76
373,163,41,75
383,165,38,76
385,169,48,74
390,169,48,78
397,175,52,71
405,177,57,71
412,177,58,69
417,178,60,66
424,179,61,67
425,184,66,68
429,189,66,65
431,188,68,66
437,184,63,72
442,177,60,80
446,171,53,86
449,170,48,88
452,173,44,84
457,174,40,91
459,180,35,94
461,181,35,99
458,189,38,93
455,191,42,91
451,193,48,85
445,193,53,84
437,194,64,82
431,202,68,75
425,204,72,72
420,205,77,68
415,203,76,66
413,198,74,69
405,190,75,71
405,183,66,77
407,177,59,81
405,169,50,83
405,164,42,83
405,157,32,88
404,154,25,83
401,146,26,83
398,139,22,86
397,133,20,83
397,130,18,84
386,127,27,78
384,123,25,78
380,125,24,72
371,125,29,72
362,125,35,71
359,125,36,70
357,125,37,69
354,125,39,72
352,126,44,71
353,130,46,73
351,137,48,73
349,143,47,70
346,151,49,70
347,153,47,72
349,161,49,72
356,167,47,69
360,172,53,70
369,175,53,66
371,177,61,66
380,180,57,67
389,181,55,66
401,181,52,68
413,184,48,65
428,185,45,66
438,181,40,72
452,178,32,78
463,174,22,79
466,173,20,80
467,165,28,84
466,161,36,81
469,158,41,79
472,155,49,78
474,153,56,74
474,151,64,72
475,153,69,64
476,154,77,63
478,156,79,57
479,156,83,55
478,157,84,55
481,154,77,57
481,155,76,57
480,151,75,66
482,149,67,68
483,149,60,73
485,148,49,76
485,148,44,79
486,146,33,82
482,147,27,83
477,149,20,84
465,152,27,82
449,156,36,78
432,158,47,80
416,158,52,78
400,162,57,74
387,161,60,77
373,165,62,74
358,165,63,76
347,167,59,74
335,167,51,79
329,166,44,81
322,166,39,76
316,163,35,83
307,163,31,79
298,163,25,77
289,165,22,74
277,162,24,72
261,162,35,70
249,165,38,65
240,168,42,57
232,166,46,60
226,166,47,62
221,164,45,61
214,161,47,64
213,157,43,66
211,153,41,72
209,150,38,75
211,149,29,76
206,147,26,77
205,146,23,81
203,145,20,80
199,145,19,81
197,145,22,82
196,148,21,75
195,151,25,71
192,153,29,66
190,154,37,67
194,157,35,66
196,158,37,70
198,159,42,69
200,161,45,72
204,160,46,74
207,160,47,80
209,158,48,80
216,156,49,82
223,155,48,86
228,153,49,84
233,151,52,84
244,148,49,85
249,147,52,82
260,148,48,78
269,145,44,76
279,145,39,74
285,140,39,78
294,138,32,79
304,138,26,79
310,132,22,88
309,135,28,82
311,134,32,87
312,136,35,85
312,137,44,88
312,141,47,82
311,143,54,78
310,145,57,75
307,151,64,70
307,153,65,68
306,157,67,65
305,161,69,59
304,164,69,61
307,169,66,58
306,168,63,59
305,165,58,66
307,169,53,67
305,166,47,70
305,165,36,76
303,163,29,80
302,161,19,86
293,164,24,82
281,165,29,81
273,165,33,80
257,164,45,79
246,164,48,76
233,163,55,74
221,165,60,67
209,167,63,63
201,169,64,62
193,170,61,59
182,173,65,59
177,174,56,59
171,176,51,58
165,175,47,60
160,170,40,68
155,167,31,71
151,160,26,76
148,157,23,76
141,153,24,75
133,145,31,80
127,144,37,73
121,138,45,76
117,136,50,72
117,133,49,73
111,127,52,78
109,124,53,77
113,120,48,80
119,118,47,83
131,112,43,85
159,109,34,83
175,108,26,83
189,105,24,86
197,106,22,91
205,109,23,83
211,111,30,81
217,114,36,78
225,120,38,75
232,124,45,70
243,128,53,69
256,132,56,64
272,132,54,61
285,130,56,67
298,132,54,70
311,131,53,70
325,130,52,77
340,129,45,82
347,125,46,88
359,123,38,87
369,120,33,88
374,118,30,87
378,118,26,83
379,117,26,81
377,114,27,81
376,117,22,74
371,121,23,68
363,122,29,63
357,123,32,61
345,126,38,58
335,126,44,58
328,128,46,53
317,128,50,59
308,127,49,61
298,126,53,67
287,125,55,69
278,129,51,66
272,125,48,75
262,129,45,69
257,129,41,72
251,130,37,74
246,133,34,71
241,133,28,69
236,133,22,71
231,133,22,70
220,129,28,73
211,135,35,67
205,136,37,69
193,136,49,68
187,138,53,74
180,136,59,69
173,137,60,72
165,137,60,69
158,135,63,71
154,135,62,70
152,133,60,67
148,133,57,67
147,130,49,70
145,127,47,71
144,124,39,73
145,118,33,76
148,112,29,83
148,110,17,88
146,109,21,84
145,105,28,88
143,106,34,87
145,101,39,92
145,102,43,91
152,103,42,91
156,105,47,88
158,103,54,90
162,106,55,83
170,109,57,81
175,115,58,76
187,119,49,70
199,121,47,68
209,123,44,70
221,125,40,72
233,125,36,72
245,127,28,71
257,125,28,81
264,126,24,84
269,125,31,80
274,125,32,80
277,121,41,84
282,122,44,81
283,121,50,80
285,121,56,81
289,121,57,81
294,125,56,74
298,125,57,74
301,125,56,79
305,129,52,73
308,129,50,75
313,132,44,72
315,134,38,73
319,135,33,74
322,138,27,72
325,139,20,77
321,138,22,75
316,141,30,72
311,144,34,70
304,149,42,67
299,150,46,63
291,148,54,68
285,150,57,66
281,149,59,64
279,151,54,61
272,151,58,66
267,152,56,68
264,154,54,66
262,158,51,67
260,161,44,76
257,166,36,69
252,165,34,77
251,167,26,78
246,166,23,83
241,169,26,76
232,169,33,80
223,170,39,75
213,168,48,76
204,165,51,76
193,166,60,71
184,165,65,69
172,164,68,66
161,161,72,70
153,159,70,67
151,150,64,70
143,145,62,74
137,139,63,74
132,133,57,79
127,132,52,82
125,129,44,84
121,126,44,85
119,128,36,85
123,128,27,85
125,126,18,85
120,123,24,88
117,124,28,86
113,124,36,88
114,126,38,84
114,126,44,90
114,128,46,88
118,128,47,92
125,125,45,94
133,125,44,89
142,123,42,93
152,125,36,91
161,130,37,94
172,139,30,90
181,145,34,87
193,147,28,90
206,152,29,84
223,156,24,77
236,154,23,79
251,157,26,78
269,160,23,74
279,165,31,68
293,169,35,69
309,171,37,70
324,174,38,71
335,181,48,69
347,181,48,72
353,189,49,65
360,193,50,68
363,195,54,71
369,200,56,66
376,201,57,69
384,205,54,64
389,204,54,65
393,205,54,65
398,211,53,58
402,214,47,59
403,216,46,57
404,216,41,55
410,213,32,59
414,213,26,60
416,213,21,60
414,213,19,59
409,213,27,56
407,214,31,58
404,213,37,58
399,211,45,57
396,209,49,55
392,207,53,56
388,205,58,51
386,201,62,52
385,202,61,49
383,198,62,53
381,195,63,58
381,193,60,56
379,185,55,60
375,178,49,63
369,177,48,67
366,179,43,68
359,181,35,72
354,185,30,76
345,186,25,80
333,189,23,77
318,187,32,80
302,185,38,81
282,187,47,77
262,185,58,77
248,186,63,72
230,183,69,71
217,177,75,68
205,171,79,68
197,165,82,60
190,154,82,59
182,153,87,57
178,149,87,56
175,148,86,56
174,144,83,58
176,143,78,59
180,137,80,67
187,133,76,72
197,130,71,75
206,129,67,79
219,133,62,77
233,132,56,85
245,133,52,88
257,139,50,83
269,140,51,86
285,144,44,83
301,148,39,83
316,151,35,82
329,153,32,81
346,158,27,77
358,164,30,77
373,163,24,78
384,165,24,75
399,164,20,77
409,164,21,76
414,165,23,73
419,161,25,76
425,162,24,75
429,160,28,74
435,161,32,73
441,161,35,73
447,158,39,71
453,157,40,70
456,157,45,70
459,157,48,67
464,157,47,64
465,154,52,67
468,156,53,60
466,154,58,63
467,157,58,60
465,157,58,61
465,159,56,62
463,156,55,65
460,157,54,65
459,153,51,71
452,155,53,74
446,155,49,75
440,157,48,76
433,155,46,82
421,157,48,84
409,161,48,80
392,162,49,80
371,166,50,79
353,165,50,84
332,168,56,82
313,171,54,81
292,172,58,81
271,173,62,78
253,173,59,79
236,167,57,82
217,165,55,85
205,165,48,82
193,156,42,92
181,152,36,93
169,148,33,91
163,138,28,98
150,133,30,96
146,124,27,98
143,120,25,97
141,113,23,100
137,109,24,98
137,110,24,96
138,109,28,92
141,106,27,92
147,102,24,92
152,104,25,88
159,102,30,90
173,106,24,85
182,109,29,83
193,109,28,84
208,113,22,79
218,113,23,85
225,113,31,85
241,116,26,84
251,115,30,86
264,117,29,87
277,119,25,84
288,120,29,87
297,121,33,89
312,122,29,87
321,121,32,88
332,124,36,84
343,121,37,84
355,121,36,80
365,115,40,86
376,114,40,83
389,116,39,77
397,110,37,80
403,105,41,84
413,102,39,83
421,98,36,86
425,96,37,87
430,91,35,89
437,90,34,88
441,88,36,92
444,92,36,89
448,93,33,88
450,90,33,92
449,92,34,89
443,90,38,91
439,93,39,89
436,97,37,85
426,99,41,86
417,101,41,88
407,105,41,87
391,106,45,87
381,113,43,84
369,113,43,89
355,121,42,84
342,129,42,84
325,129,45,88
310,133,43,90
295,138,43,83
277,136,46,84
258,135,50,85
239,137,50,83
218,137,55,79
198,138,59,78
180,135,60,80
159,142,66,71
138,139,67,74
126,137,64,76
107,139,68,67
96,134,69,70
80,133,71,66
70,130,67,67
58,125,65,73
46,124,67,71
36,124,67,70
32,122,63,72
24,122,64,72
21,121,62,72
17,119,60,73
14,121,63,73
14,122,68,73
18,125,63,72
24,123,65,75
30,127,68,71
40,126,67,74
51,127,65,74
63,125,68,77
70,126,67,74
80,124,66,75
89,120,65,78
97,124,63,77
109,126,63,79
119,126,63,76
133,123,62,83
147,124,60,81
161,123,57,86
176,124,61,83
193,126,59,84
213,124,61,88
232,127,61,86
248,128,58,84
267,125,58,92
280,128,60,86
294,131,56,85
311,129,55,87
328,132,50,83
343,131,51,86
358,127,49,91
373,127,44,84
384,128,43,83
398,126,39,88
410,130,33,83
420,128,32,87
427,130,30,91
437,133,28,88
445,132,26,90
448,138,27,83
452,143,29,81
456,146,34,85
458,151,39,83
460,152,39,83
459,155,42,82
459,154,48,86
460,156,48,84
463,161,48,77
458,159,47,86
453,164,53,85
451,169,53,80
446,171,55,81
441,174,54,83
431,176,59,82
427,182,57,81
418,188,60,78
410,188,58,82
403,198,58,74
396,199,61,80
388,202,61,83
386,208,58,76
377,201,61,78
372,201,56,76
365,202,56,77
356,203,54,81
350,202,50,78
344,201,45,80
339,199,40,79
332,194,38,84
328,191,32,82
322,191,30,81
321,181,30,91
324,176,26,86
323,175,25,82
318,167,32,85
315,166,30,80
307,164,42,80
304,166,42,78
299,162,45,81
292,166,53,77
287,169,53,77
282,169,59,76
276,169,63,83
271,175,65,78
269,175,66,81
268,176,68,82
273,178,66,86
281,182,64,84
285,184,62,84
288,185,68,87
293,187,67,88
301,186,63,93
314,188,55,88
323,188,52,86
335,188,51,85
347,188,47,84
360,189,41,85
376,192,30,83
387,187,29,86
396,189,33,83
406,189,33,85
408,185,46,90
412,181,53,90
420,173,56,91
428,173,61,90
435,174,59,86
440,171,60,87
444,173,60,83
449,171,63,89
454,171,69,85
459,171,68,86
465,172,66,80
471,171,62,78
480,171,60,78
488,171,51,74
493,169,50,76
498,168,45,76
506,169,37,75
510,167,31,77
510,163,32,82
513,162,30,83
514,164,32,82
516,159,35,85
515,159,38,83
511,159,44,81
508,158,52,78
507,157,55,80
510,156,57,81
506,153,60,84
508,156,62,81
506,155,64,79
508,152,63,82
510,151,56,81
508,149,61,84
510,147,56,86
515,146,49,89
515,144,47,89
517,146,44,87
520,142,33,91
523,138,31,92
520,132,28,95
520,129,31,96
515,129,39,91
514,128,41,90
510,127,48,87
506,128,55,84
505,129,61,89
505,133,62,85
502,133,71,93
499,132,74,93
503,131,73,93
501,129,75,95
501,124,75,103
503,124,75,104
508,127,72,105
511,122,66,110
512,122,66,110
512,117,67,116
515,116,65,115
516,114,60,111
516,110,56,114
517,109,52,111
516,108,50,105
518,105,43,106
513,106,44,108
515,111,41,111
514,115,38,102
518,117,31,103
518,118,31,109
513,123,30,106
513,125,25,107
503,128,29,107
488,126,39,106
480,127,37,105
471,131,40,100
463,134,41,99
453,134,44,99
446,138,50,95
437,145,51,87
425,146,60,87
421,152,57,82
412,157,62,77
406,159,62,81
400,162,63,74
394,162,62,75
392,163,60,75
386,168,55,75
381,169,58,79
378,171,55,80
378,171,48,80
375,169,48,86
374,168,47,84
372,167,45,84
365,167,45,84
361,162,43,82
357,164,45,80
353,162,44,82
345,160,43,83
342,156,46,87
347,155,43,85
352,150,45,85
361,148,46,87
373,140,41,91
378,140,41,84
389,134,39,93
395,133,40,91
403,128,32,95
412,129,33,97
421,127,33,96
431,126,36,97
446,122,28,102
454,115,32,109
457,117,33,99
457,115,41,100
467,112,43,96
476,106,47,97
485,104,47,96
486,103,55,92
494,102,63,91
503,102,62,86
510,102,67,85
514,97,67,89
518,96,73,89
527,92,68,94
530,90,69,92
531,93,69,93
539,91,67,92
540,90,64,96
541,93,66,92
544,88,60,97
542,88,65,94
540,89,63,90
533,85,72,92
530,86,67,90
524,90,73,85
519,93,73,84
512,97,73,83
514,103,75,80
514,107,71,81
510,112,73,81
507,113,70,80
502,111,68,86
495,108,68,89
482,110,63,87
476,111,60,89
470,116,57,86
467,119,53,86
469,122,51,89
472,122,50,86
465,120,51,89
459,121,52,85
451,119,53,88
443,117,53,85
432,113,56,85
423,111,60,85
416,114,60,80
410,114,60,81
403,116,64,81
398,116,60,82
393,119,58,77
387,116,55,83
384,114,50,81
380,110,49,90
376,113,48,92
375,115,42,91
374,116,37,95
370,115,38,99
366,114,34,99
358,117,35,101
359,116,29,100
355,117,32,101
348,113,34,102
348,113,28,100
344,109,29,103
340,109,28,102
334,110,28,102
331,114,29,104
329,116,26,97
328,116,31,107
329,116,30,100
324,116,38,100
324,116,39,101
324,113,42,103
328,109,39,106
328,107,46,108
333,107,49,105
337,104,53,105
339,112,55,98
345,109,57,107
344,112,64,101
346,115,71,99
348,121,79,91
355,125,78,89
360,126,83,89
369,129,81,85
376,127,81,87
387,124,78,88
395,119,74,95
407,120,66,97
418,121,59,92
423,120,57,101
433,124,55,97
442,126,45,95
461,121,39,96
464,117,36,103
473,114,30,98
471,114,31,94
470,115,27,100
469,113,30,95
470,118,31,93
469,116,32,90
468,114,35,90
468,115,37,87
469,113,41,83
467,109,46,87
464,106,43,85
459,104,47,88
456,106,49,87
451,101,50,89
446,102,52,87
441,100,51,87
430,100,57,89
416,98,59,86
403,100,58,85
391,106,58,79
381,102,61,84
364,105,68,84
348,107,67,80
332,109,70,81
319,114,68,80
312,114,60,83
304,113,54,85
296,108,54,92
295,110,41,92
287,110,40,99
283,112,34,99
281,116,31,98
276,116,32,103
268,118,29,102
259,119,41,108
254,124,41,100
245,121,50,100
239,122,61,96
228,119,68,97
222,119,73,92
217,116,76,88
211,118,82,88
207,118,86,88
209,118,88,88
214,117,85,88
216,116,87,88
219,114,82,92
225,113,77,94
231,111,71,97
233,111,60,97
235,112,52,95
238,113,47,97
244,116,41,98
250,119,36,94
253,126,31,98
261,127,29,92
260,132,37,90
265,134,41,90
267,135,46,86
267,135,52,85
271,134,55,82
273,132,57,83
275,126,55,92
276,123,58,92
277,124,53,88
275,121,56,90
277,116,54,88
279,112,51,91
278,115,53,81
277,112,54,83
282,109,52,88
290,108,44,85
293,105,42,78
295,103,35,75
290,96,35,79
287,99,33,73
287,96,27,77
284,99,29,75
285,99,23,78
284,101,30,75
281,103,32,75
276,103,37,80
271,102,38,87
267,103,41,88
261,103,46,90
255,107,46,86
252,109,46,89
244,114,51,88
239,114,55,88
232,117,58,89
222,118,64,84
218,121,61,84
210,120,67,82
205,120,64,83
203,123,61,74
193,114,66,88
189,110,59,86
182,107,56,90
179,106,47,84
174,102,43,86
171,100,37,89
165,94,37,95
181,149,-0,-0
165,85,32,98
180,83,36,93
187,79,39,94
189,77,45,94
196,77,49,90
198,77,55,89
202,74,57,94
208,74,61,90
217,76,59,92
225,75,61,91
235,74,63,95
249,77,57,96
261,78,55,100
272,81,52,100
288,85,45,98
297,90,42,99
307,93,40,94
313,94,36,96
319,95,32,95
327,97,27,93
330,102,24,91
337,107,24,86
342,109,23,88
342,111,25,91
346,117,29,83
347,120,32,80
350,121,38,77
354,125,32,72
357,125,35,77
360,126,37,77
365,129,38,75
367,130,37,75
368,129,40,76
369,127,39,80
365,131,40,75
363,129,43,80
362,132,40,73
359,130,42,75
356,133,45,72
350,133,47,72
347,131,46,75
345,133,44,74
337,133,47,73
335,131,45,74
374,133,-0,-0
328,134,41,73
325,133,37,75
321,133,37,76
319,131,34,78
312,130,33,79
311,130,30,80
308,129,29,81
305,128,28,80
303,128,26,81
301,124,23,85
296,126,22,82
293,128,22,83
292,125,17,84
285,121,20,85
279,123,27,82
276,121,29,83
273,120,28,82
268,121,31,81
263,118,33,84
262,115,31,86
258,115,32,86
257,113,32,88
254,113,35,88
253,109,35,95
251,110,36,92
249,109,37,90
248,108,39,94
246,108,42,93
245,108,43,92
244,105,46,93
243,110,46,88
243,111,50,90
245,113,52,85
243,111,54,89
247,113,54,83
248,112,53,90
251,114,50,87
254,117,51,85
256,117,50,89
259,120,48,85
263,121,45,87
265,125,41,86
268,125,41,83
269,128,41,84
270,129,44,83
272,129,41,82
273,131,42,83
274,133,45,78
275,133,45,80
277,138,44,76
278,137,45,79
277,139,49,76
280,137,45,73
278,140,46,76
279,140,49,75
282,140,46,76
284,140,44,76
281,140,47,73
283,139,45,77
283,139,45,75
286,141,42,74
286,141,42,75
286,138,39,77
286,138,39,78
285,140,40,76
283,137,43,80
282,139,44,76
285,141,41,76
281,141,45,76
279,141,47,76
279,140,44,78
275,140,47,75
271,140,51,77
269,139,52,77
268,138,49,78
263,137,51,77
265,137,46,80
261,133,46,80
257,134,48,83
257,136,44,77
252,129,48,85
252,129,42,87
247,126,44,85
242,122,44,87
239,123,43,86
235,119,44,86
232,119,44,82
225,115,48,88
223,116,44,85
218,111,45,86
213,111,48,86
209,111,47,85
208,111,43,78
206,109,41,81
203,109,38,82
200,109,38,84
200,110,37,84
195,109,37,85
197,110,32,85
197,111,29,86
200,114,24,82
199,113,24,84
197,114,27,83
201,114,21,85
204,117,20,84
203,113,22,89
204,117,21,84
202,116,27,86
205,118,28,83
205,121,28,79
209,120,28,83
211,121,30,81
213,125,31,78
217,124,32,81
218,126,35,78
222,128,36,76
227,127,36,77
227,127,43,77
233,125,39,77
239,128,40,77
244,127,41,79
244,129,47,75
251,132,44,74
257,130,45,76
260,131,49,74
265,132,48,73
272,134,49,75
277,136,51,72
281,137,52,71
287,137,50,73
290,140,51,75
295,141,51,75
302,138,50,77
307,133,46,77
312,133,48,77
315,129,46,76
320,129,43,78
325,128,39,76
326,123,45,80
327,122,44,83
332,122,38,82
334,117,37,84
337,110,33,86
340,109,29,85
343,103,27,91
341,101,27,88
344,93,21,96
341,96,25,93
341,93,24,97
336,96,32,94
331,106,36,88
330,103,39,93
330,108,39,91
327,105,42,94
325,105,41,90
329,107,40,91
329,107,40,94
329,105,43,98
328,110,45,92
329,109,44,93
330,112,45,93
333,114,43,90
334,122,46,87
330,126,44,87
324,132,49,84
321,135,45,79
321,137,40,76
317,136,43,76
315,133,36,74
315,133,35,73
313,129,32,75
312,126,28,77
307,120,29,81
305,119,23,79
299,115,30,81
294,117,30,78
290,117,33,82
288,117,37,80
283,117,43,80
284,119,44,74
282,119,50,74
282,120,54,72
285,121,54,75
286,124,59,73
289,126,60,71
290,130,61,69
293,133,60,67
293,133,62,67
299,131,58,69
300,131,56,71
305,131,52,70
307,129,48,76
313,130,41,72
314,129,39,79
319,128,35,80
322,126,35,81
327,125,27,81
329,124,25,85
331,125,22,78
329,125,27,76
327,124,31,77
325,125,36,76
323,124,38,78
322,125,42,76
319,123,45,80
319,122,46,81
318,121,47,82
320,121,45,85
319,121,46,84
319,120,47,86
320,118,44,88
319,119,45,87
320,119,42,89
319,121,42,85
321,117,39,82
322,119,36,78
324,120,36,75
327,121,33,73
327,120,30,73
331,120,26,76
334,118,24,73
334,119,28,75
332,118,30,72
332,121,35,72
331,117,42,80
332,117,47,84
333,125,46,77
334,129,45,77
335,130,51,79
333,131,56,78
334,129,55,87
333,133,57,82
335,137,62,84
336,141,62,76
335,142,62,82
336,142,60,82
338,142,57,83
339,142,54,83
341,143,52,82
345,145,42,81
349,144,37,84
349,146,32,84
351,146,28,85
353,148,24,83
351,150,23,85
348,152,25,83
346,153,27,84
339,157,37,82
338,160,38,79
336,163,41,78
333,167,46,78
330,169,47,72
327,169,51,74
326,173,51,70
325,170,49,72
325,173,49,74
325,173,44,74
324,175,45,72
323,176,45,73
324,173,41,77
322,176,37,74
321,173,32,82
318,176,31,78
317,176,27,79
312,177,29,81
311,178,26,79
311,180,23,81
309,178,23,79
308,182,27,76
305,181,28,76
304,182,30,71
299,179,37,78
298,178,41,75
297,178,44,76
297,175,44,78
295,173,49,79
297,170,48,82
297,166,51,84
297,166,52,86
295,168,54,81
296,166,55,83
294,167,57,81
293,167,62,85
293,168,61,82
294,166,63,81
295,165,61,85
293,165,66,81
300,165,57,81
301,161,60,87
303,164,54,81
305,164,55,85
308,164,49,85
314,164,43,87
316,161,44,89
321,160,37,92
329,161,29,86
332,159,28,91
336,160,22,94
337,164,26,92
341,166,23,87
341,169,24,85
337,168,31,85
335,170,33,83
333,171,36,82
330,173,39,80
327,175,41,81
321,177,47,80
321,181,42,72
316,181,46,77
313,182,45,75
309,183,48,80
308,187,46,78
302,189,46,78
302,186,43,83
297,188,44,80
298,190,42,79
295,188,42,80
293,189,44,80
288,190,44,77
286,190,41,79
284,189,41,77
278,189,43,75
278,188,40,77
271,189,40,72
270,189,39,76
266,188,39,77
266,188,35,76
264,189,32,75
264,190,33,78
262,189,26,77
265,190,22,81
264,189,25,81
262,191,28,85
265,189,24,83
263,190,29,84
261,194,37,83
264,193,34,87
261,194,40,82
261,198,41,81
261,200,49,77
265,202,45,77
265,201,48,77
266,198,50,75
267,194,52,77
270,196,53,77
273,194,52,76
276,199,53,74
279,193,54,85
281,200,53,78
285,197,52,82
287,195,50,86
289,195,50,85
292,197,50,82
293,201,49,82
297,204,48,84
297,207,49,85
293,209,52,83
292,212,50,84
285,217,50,82
281,221,50,81
276,224,50,81
270,232,47,80
261,227,48,81
255,225,48,84
255,225,40,80
251,220,38,84
245,215,40,86
245,213,34,84
242,210,33,80
238,206,34,80
236,208,34,77
237,207,30,81
236,209,29,77
232,213,28,73
232,212,27,76
230,217,24,74
227,217,30,75
229,218,28,76
230,221,27,74
235,222,26,73
239,225,21,72
241,225,24,74
245,225,25,78
251,227,25,76
253,229,26,76
261,227,23,81
263,230,26,79
269,229,24,80
273,229,24,80
278,230,28,79
285,227,27,81
294,225,24,81
301,229,24,76
308,229,24,73
315,226,21,78
321,228,28,74
329,227,26,74
340,228,24,73
345,230,27,71
353,228,28,73
361,226,28,79
365,229,30,78
377,230,24,80
379,226,26,83
387,228,20,84
384,229,29,82
385,225,31,88
390,226,25,87
393,225,24,84
393,224,27,85
391,221,28,84
393,219,25,86
390,219,27,83
389,217,28,80
387,216,28,79
385,216,29,77
380,220,29,70
375,217,33,76
370,216,31,81
363,216,34,78
358,219,29,80
354,221,25,80
344,221,31,81
336,222,34,83
331,222,31,83
325,222,32,83
318,222,35,86
317,222,33,83
312,219,35,85
306,218,36,85
301,218,37,81
295,216,38,84
288,217,42,83
281,220,44,76
276,220,47,76
270,223,49,71
268,218,49,75
265,218,48,72
262,221,49,70
258,216,48,73
257,213,47,74
256,215,46,70
253,212,47,77
255,212,44,76
255,209,46,78
255,213,46,76
257,215,47,74
255,214,51,76
256,219,52,73
257,219,54,72
257,223,57,69
257,220,61,71
260,221,61,71
263,224,58,69
266,224,60,69
272,221,57,72
275,227,58,69
284,225,53,72
291,227,51,70
299,224,50,77
306,221,47,79
313,221,45,78
320,217,40,81
328,220,37,79
334,217,36,80
339,217,34,84
344,219,32,80
348,218,33,79
349,221,36,76
353,220,32,78
356,221,29,76
357,222,32,75
361,222,28,75
364,224,28,73
365,224,28,76
365,224,27,77
368,223,26,75
369,222,24,76
367,219,26,84
367,216,24,85
367,216,22,85
365,217,22,84
361,215,26,84
357,214,29,84
356,214,29,83
350,214,35,83
349,216,33,82
345,216,40,77
345,217,40,76
341,216,42,76
343,217,41,74
338,217,43,75
333,216,46,75
333,217,45,75
330,215,47,77
329,216,46,79
329,216,44,79
326,213,43,83
327,215,42,83
329,213,36,81
326,217,39,80
323,213,42,83
322,217,40,80
321,218,40,79
317,219,43,80
317,216,42,79
312,217,46,77
309,216,45,75
308,221,45,71
306,220,44,73
304,221,42,74
301,221,40,72
297,221,42,77
299,220,39,77
298,220,34,77
297,220,32,78
297,221,29,81
298,220,29,81
300,218,25,84
301,217,21,80
297,213,27,88
296,220,25,78
296,218,29,80
294,217,31,79
293,219,30,74
289,220,36,73
288,217,36,74
287,217,38,72
285,218,40,72
285,217,40,72
284,217,45,72
285,213,43,75
279,216,50,72
284,214,45,75
284,213,47,76
285,214,46,74
286,213,47,75
288,211,46,77
289,213,48,76
290,213,50,76
294,213,50,78
297,217,51,74
301,218,52,72
302,212,59,81
308,221,53,72
310,217,52,74
317,219,45,74
320,217,45,77
323,217,42,73
329,213,39,76
333,218,34,71
339,216,29,74
343,210,28,81
348,211,25,80
348,209,23,83
350,208,23,83
351,209,26,83
351,210,29,84
353,214,29,78
351,213,34,78
349,214,40,75
347,217,40,72
345,217,44,72
342,215,46,72
339,213,49,73
336,213,49,69
330,211,53,74
330,211,50,74
326,211,50,74
325,212,47,73
321,211,48,78
323,210,41,78
318,212,43,77
317,215,44,77
317,213,42,77
313,213,44,79
313,214,43,78
312,215,38,74
313,215,35,74
312,213,35,77
313,211,32,76
310,211,29,77
309,209,27,80
312,209,22,80
309,210,25,79
310,207,22,86
306,209,26,80
305,208,27,80
303,205,28,86
299,207,38,85
298,206,36,83
295,209,42,80
293,207,46,83
293,210,47,77
290,212,49,73
289,212,52,74
288,213,57,74
288,213,61,74
293,214,54,71
294,213,60,74
297,213,62,72
300,210,59,77
305,211,55,78
307,208,58,81
309,211,52,78
313,213,52,75
319,214,44,74
321,214,43,74
327,212,38,77
329,211,40,77
333,211,35,77
336,211,33,79
340,213,30,78
344,212,28,78
345,211,30,78
350,214,22,75
355,213,23,80
355,213,27,79
357,213,29,82
358,215,31,82
361,214,32,83
359,213,34,84
357,214,41,84
359,216,41,81
360,215,41,80
358,215,45,81
360,216,44,78
357,214,48,84
354,218,51,77
353,221,52,72
353,221,52,73
353,220,54,77
353,220,52,77
351,222,52,76
352,221,53,77
353,221,47,74
352,219,48,79
355,219,43,78
357,218,39,76
357,215,36,77
359,214,33,83
359,213,31,82
363,214,26,80
362,211,25,80
365,214,26,78
362,212,27,81
362,214,27,79
365,213,25,80
363,216,30,76
362,213,29,79
359,215,33,75
357,213,33,74
356,212,37,74
355,212,37,74
353,214,38,70
353,212,40,76
349,211,43,78
348,208,47,79
347,210,43,79
345,213,49,73
342,211,50,80
341,215,48,74
338,213,51,76
337,213,52,76
337,215,55,74
337,211,54,74
339,209,55,76
340,210,53,71
341,211,56,69
345,208,55,73
346,207,55,74
350,203,55,78
353,205,49,77
355,205,49,76
361,205,44,76
366,207,36,74
367,204,38,80
372,206,35,76
373,206,34,79
376,204,31,84
378,205,29,81
384,205,29,80
385,205,28,82
386,205,25,83
391,205,26,81
393,203,22,86
393,203,26,83
396,205,29,77
393,201,34,81
393,201,34,79
394,200,39,75
391,197,38,79
392,196,39,78
391,195,38,84
388,197,40,84
389,197,42,80
388,195,44,83
385,195,43,82
386,197,43,79
380,193,48,84
378,195,50,82
378,195,47,79
378,195,47,79
375,196,50,76
375,191,47,82
373,188,47,80
373,189,47,80
374,186,44,83
372,185,45,84
374,185,39,81
376,184,37,83
376,185,35,80
377,185,36,84
379,185,32,83
382,185,28,83
382,187,28,86
385,188,28,82
385,186,24,84
387,188,26,82
393,184,20,84
396,181,22,87
393,184,28,81
400,182,26,84
397,177,31,86
402,181,30,85
401,181,37,84
406,180,36,87
408,178,37,87
408,177,40,86
409,174,43,87
411,177,46,83
415,176,46,85
416,176,49,85
422,175,47,83
419,177,55,86
418,177,58,83
425,177,56,80
422,181,59,82
425,179,60,82
426,180,62,82
429,180,58,83
430,181,59,84
432,181,59,84
430,182,64,81
437,179,59,85
442,177,56,88
446,180,52,81
445,179,52,86
450,179,48,87
450,177,49,85
451,179,46,86
454,178,42,83
451,181,48,78
454,177,43,88
453,177,42,85
457,181,36,82
455,179,34,82
457,177,32,83
459,177,30,84
458,178,32,87
456,178,29,88
457,180,28,85
459,174,26,96
461,180,21,85
461,178,22,91
461,183,24,90
457,184,28,88
457,186,29,87
453,184,34,87
453,185,34,88
451,186,34,90
450,186,36,88
449,193,39,81
446,192,42,84
446,193,40,81
443,193,45,83
444,194,43,85
442,193,46,85
441,195,47,82
445,197,43,84
441,197,46,84
444,198,44,87
444,199,45,85
442,199,47,84
444,201,44,82
446,200,43,83
445,203,44,83
446,204,44,85
448,207,43,82
448,208,41,80
450,207,43,89
451,212,45,84
453,214,42,82
457,218,41,79
459,218,40,83
459,219,41,79
462,222,35,80
461,221,40,84
465,223,35,82
466,219,35,85
468,221,33,84
469,216,29,87
470,217,29,84
475,214,25,88
473,211,27,90
476,208,29,87
478,206,24,90
485,205,20,88
485,197,25,98
488,200,22,89
490,201,26,89
493,202,25,93
494,202,28,90
501,205,27,85
502,202,31,83
502,202,33,83
507,199,32,87
509,198,33,88
513,199,30,89
515,200,31,86
516,202,34,87
519,201,36,87
522,202,39,88
528,201,37,86
530,201,43,87
534,200,45,89
537,200,46,85
541,199,42,87
544,203,47,82
548,202,49,89
556,205,46,83
559,205,51,84
569,208,52,85
578,206,53,84
591,205,50,87
605,206,36,89
608,222,33,79
615,250,23,51
621,255,20,49
625,269,16,38
635,281,6,28
616,286,-0,-0
616,286,-0,-0
616,286,-0,-0
616,286,-0,-0
616,286,-0,-0
621,285,20,25
623,266,18,46
615,258,26,53
607,246,34,62
601,238,38,67
589,226,52,80
580,224,60,78
576,225,61,76
569,225,64,75
562,223,63,74
556,221,61,78
553,220,56,77
548,220,56,75
540,217,56,80
533,220,56,76
531,217,54,83
529,217,48,78
525,214,49,81
519,213,54,79
519,214,54,75
517,210,54,80
513,209,54,75
513,208,54,73
514,211,52,70
513,205,53,77
510,206,57,77
511,205,55,79
512,204,56,78
517,204,52,77
520,205,51,76
522,201,54,82
528,199,49,81
533,204,47,77
537,198,48,86
543,199,47,86
552,202,43,83
560,199,43,89
568,201,43,89
575,204,48,85
580,202,51,87
586,204,48,84
599,202,39,94
605,206,36,81
612,223,29,67
617,236,24,53
622,247,17,48
628,261,13,32
597,263,-0,-0
597,263,-0,-0
597,263,-0,-0
597,263,-0,-0
597,263,-0,-0
603,273,-0,-0
603,273,-0,-0
603,273,-0,-0
603,273,-0,-0
603,273,-0,-0
603,273,-0,-0
603,273,-0,-0
607,285,-0,-0
607,285,-0,-0
607,285,-0,-0
624,259,17,33
628,257,13,35
622,243,19,50
621,230,20,58
614,214,27,79
614,209,27,81
613,198,28,91
608,196,33,89
604,195,33,92
600,194,35,92
598,196,35,91
595,197,36,88
593,199,33,86
589,198,36,90
585,197,36,88
581,199,36,87
576,197,38,89
572,198,37,87
569,199,39,82
566,197,39,83
561,199,37,81
558,201,42,82
556,196,41,89
553,197,42,88
548,201,45,84
548,199,41,89
545,200,44,85
544,201,42,84
541,201,43,87
537,200,45,85
535,201,43,87
533,201,45,88
535,201,42,86
527,202,48,91
525,204,48,86
523,204,50,87
521,202,51,88
518,201,53,89
517,199,52,92
513,202,54,84
508,198,60,91
505,199,60,89
505,200,58,87
501,197,62,90
499,196,62,89
501,196,56,89
497,197,57,90
496,197,56,91
492,199,57,91
491,198,54,94
489,201,57,90
485,201,56,91
483,205,58,90
477,207,62,90
474,206,59,95
469,208,63,94
465,215,64,89
463,214,61,90
457,213,64,94
454,214,64,90
450,217,67,87
447,219,60,87
448,216,57,88
443,217,58,88
438,213,59,92
435,218,55,89
431,217,56,90
432,217,51,91
424,219,53,86
422,218,51,90
421,221,45,84
417,223,48,83
411,220,50,87
409,221,48,82
405,223,48,80
403,222,47,78
398,222,48,77
394,223,48,78
393,222,44,78
390,225,40,75
386,223,42,76
385,225,40,73
381,222,37,79
377,223,38,76
374,223,35,75
371,220,35,79
370,222,33,76
367,221,30,78
365,222,29,79
361,222,29,80
360,221,28,77
358,222,26,78
355,221,26,82
352,221,27,80
348,219,29,84
348,218,26,86
345,221,28,84
341,220,28,87
341,221,24,88
339,225,25,83
338,224,24,85
337,222,24,91
333,225,27,88
330,222,27,92
329,224,32,95
326,225,31,89
322,224,37,93
321,225,32,96
318,226,39,91
313,226,40,94
313,226,40,93
312,225,39,92
309,226,43,91
307,223,42,94
304,224,45,93
301,224,48,93
300,226,49,94
299,221,48,96
300,222,46,93
299,219,46,95
294,220,53,99
296,219,47,95
296,220,46,94
297,218,48,99
297,218,48,95
296,218,49,95
297,217,49,97
299,217,47,90
299,215,50,94
299,216,52,93
303,217,49,89
307,219,46,90
309,219,47,89
311,217,49,91
313,218,47,90
318,220,43,85
321,221,44,88
325,219,41,89
329,220,40,89
332,220,37,89
337,218,36,91
343,219,30,91
349,220,28,91
351,221,27,93
357,224,23,91
361,226,25,91
365,226,24,91
368,229,25,92
369,230,27,90
372,232,30,87
378,231,28,86
381,232,32,86
385,233,30,87
389,235,32,87
390,236,38,84
394,233,37,87
394,234,44,84
400,235,44,86
401,232,49,82
405,232,48,84
408,232,52,85
413,230,49,86
419,232,47,85
418,230,52,86
425,230,49,84
427,229,53,86
427,227,57,87
432,226,53,85
435,230,55,82
436,230,57,87
439,230,57,85
444,230,57,80
445,225,56,84
447,227,56,86
451,226,54,86
453,231,53,84
460,232,49,83
465,233,46,83
472,233,42,83
480,229,40,88
487,228,34,87
497,228,32,85
506,228,30,91
512,228,31,86
520,228,27,91
529,229,24,91
532,230,29,90
538,224,28,89
541,225,37,88
547,224,35,82
549,224,42,80
552,222,39,82
553,225,49,82
559,228,48,81
565,233,48,84
565,237,53,83
571,240,51,83
572,241,53,83
575,243,52,84
577,244,52,84
578,244,51,85
581,247,50,86
585,251,47,86
584,253,49,88
580,256,52,83
577,254,49,87
576,250,50,87
574,251,47,83
569,248,49,83
569,247,43,83
564,246,45,81
561,244,43,81
557,243,41,81
557,237,35,82
551,238,36,83
547,238,34,83
542,237,34,89
544,239,29,86
542,237,23,88
540,234,21,92
535,235,22,87
530,229,27,89
525,229,24,89
519,226,26,94
511,230,33,91
505,232,33,88
500,233,34,88
493,236,40,83
485,233,43,88
478,234,43,86
466,234,50,82
456,233,49,81
445,237,52,80
433,237,54,79
420,242,52,78
404,246,58,75
392,245,53,74
377,243,58,75
368,241,53,72
353,237,55,72
345,233,51,70
333,231,50,68
323,228,48,68
315,222,46,72
307,219,43,67
301,215,38,62
292,209,35,68
286,202,33,67
282,200,30,69
282,197,27,68
281,193,26,68
282,190,26,69
285,189,25,68
288,185,24,75
293,186,22,71
297,185,22,76
301,187,21,76
304,184,25,81
309,185,26,78
317,182,27,85
327,184,22,86
335,183,26,87
346,186,27,87
361,183,26,89
375,183,29,88
390,184,29,88
405,181,31,94
422,181,31,95
441,181,31,92
459,181,30,89
476,175,33,98
495,173,35,95
515,169,31,100
535,170,38,96
553,169,36,100
569,172,41,96
588,171,37,95
602,166,39,99
616,163,25,71
626,155,15,42
630,155,-0,-0
630,155,-0,-0
630,155,-0,-0
630,155,-0,-0
630,155,-0,-0
630,155,-0,-0
630,155,-0,-0
627,161,14,35
615,166,26,51
601,175,39,66
583,185,58,79
567,193,65,76
543,206,70,67
519,211,73,66
495,219,70,66
466,220,73,69
441,225,72,69
411,225,70,72
381,225,71,74
355,220,66,78
328,222,65,75
302,220,60,76
280,214,56,80
257,209,48,80
239,202,42,80
226,194,33,83
216,190,30,82
209,185,24,82
199,175,19,86
185,176,24,78
171,171,29,77
159,169,34,76
145,169,38,71
137,163,40,74
132,157,42,74
123,158,47,70
120,157,51,66
115,153,55,64
113,155,58,59
110,157,62,58
110,159,65,58
112,163,65,54
118,163,60,56
115,166,68,55
123,165,65,57
132,166,65,60
140,169,63,61
148,173,66,64
162,175,63,67
178,173,58,76
196,177,53,76
216,175,51,81
240,174,45,86
265,172,40,93
289,173,36,94
315,171,31,102
335,177,41,100
359,177,42,101
380,174,48,102
381,171,60,105
401,169,71,100
418,165,80,98
435,159,87,98
451,154,92,93
461,157,99,79
476,155,101,78
485,151,104,77
485,151,108,77
483,150,106,73
484,152,100,69
481,153,100,70
481,154,96,73
475,154,88,75
469,155,81,80
459,158,70,79
451,158,59,83
441,156,52,86
437,158,41,89
430,160,27,90
425,158,24,94
422,161,29,96
417,161,38,96
405,164,49,92
394,169,53,89
377,170,61,86
365,174,63,79
351,172,63,81
337,174,65,76
329,173,60,76
317,177,58,70
308,176,58,69
300,173,56,71
294,173,52,68
289,172,45,67
280,174,40,66
274,172,35,66
269,172,28,67
263,169,19,72
256,169,24,68
253,169,28,69
250,169,33,69
249,169,37,70
249,168,41,72
251,169,42,75
249,167,44,77
249,169,50,78
251,169,48,80
253,168,49,84
260,171,48,83
264,169,45,88
266,171,44,87
269,171,42,94
273,170,38,93
273,172,44,93
285,172,35,92
289,171,36,94
298,170,32,93
307,169,30,92
317,165,25,95
325,168,28,90
334,165,28,93
342,165,33,92
352,164,35,92
357,161,39,94
369,160,46,92
378,158,47,99
391,155,47,97
399,152,50,100
409,153,52,100
419,153,50,102
425,149,51,109
428,149,53,108
429,148,51,109
431,147,51,110
433,148,52,106
430,148,58,105
430,152,54,101
428,152,52,102
425,154,52,101
420,156,47,99
412,161,49,96
409,164,45,92
403,166,42,93
400,166,37,94
394,169,35,87
389,172,32,82
384,169,31,86
381,169,21,86
376,169,25,84
369,171,28,86
365,173,26,82
358,173,31,77
356,170,32,77
350,167,36,79
341,168,42,78
341,168,42,72
336,165,43,76
333,166,40,75
325,164,43,75
319,161,45,77
309,161,47,76
308,155,43,86
300,155,49,81
297,153,44,82
297,153,44,83
296,150,46,83
299,153,42,84
300,149,41,89
301,153,42,86
301,153,43,86
302,147,44,93
303,151,46,90
304,149,45,95
306,150,46,92
311,151,47,95
314,158,45,88
321,159,44,95
322,161,49,93
331,160,47,94
334,157,46,98
337,157,46,96
337,159,48,94
341,157,46,93
339,155,48,98
341,153,46,93
343,150,42,95
337,145,44,96
341,145,38,96
335,146,38,94
329,142,37,95
319,139,35,95
310,135,36,99
305,129,28,102
291,131,33,103
277,132,35,101
275,133,26,107
260,142,33,105
251,147,31,103
235,152,34,105
221,153,38,108
209,161,39,104
198,170,35,98
182,173,37,95
169,178,40,91
160,178,36,93
145,177,43,88
139,174,39,88
129,173,41,81
122,164,40,86
110,158,44,86
103,156,41,86
98,152,38,83
92,146,41,87
93,145,36,85
89,141,42,87
97,139,37,84
104,131,37,90
99,133,37,84
91,127,37,85
90,126,41,84
98,129,37,81
105,129,36,81
113,134,40,83
121,135,50,77
137,138,39,81
146,141,37,82
155,146,45,81
171,149,44,76
190,149,40,80
203,153,38,84
218,153,41,84
237,157,37,84
254,155,33,86
262,160,36,85
275,157,31,92
285,157,36,93
299,154,37,98
312,159,29,94
321,158,32,96
332,159,34,94
345,164,34,88
360,158,37,98
378,156,33,97
392,156,36,92
409,149,32,100
424,149,31,96
433,149,28,95
443,142,21,103
443,139,33,103
450,141,27,103
451,141,26,98
449,137,31,101
440,135,36,98
430,131,37,99
420,129,37,100
410,128,39,98
401,128,45,100
397,129,41,95
384,127,47,98
376,131,48,94
370,134,46,90
361,133,47,88
355,135,46,90
345,133,52,93
337,139,52,88
330,141,52,89
325,144,52,85
321,144,52,92
308,146,52,92
298,149,49,89
295,150,47,95
288,154,47,92
280,156,44,91
273,156,45,93
270,159,42,90
261,161,47,89
257,160,45,90
256,161,46,88
254,160,47,88
249,161,48,87
243,161,48,84
242,161,47,83
241,161,46,84
241,161,46,84
242,164,44,82
250,161,39,80
253,163,35,82
256,163,39,81
265,163,32,82
268,164,30,87
272,160,27,89
280,163,26,86
289,163,22,87
297,163,24,84
304,161,28,87
313,160,28,89
317,163,38,83
322,161,43,85
329,159,46,83
341,156,50,86
349,153,55,85
364,150,57,91
377,151,60,93
388,153,63,94
401,155,57,90
411,154,58,97
429,161,60,97
459,161,61,98
492,155,54,100
517,150,48,98
524,147,49,105
529,145,50,106
525,149,40,106
527,151,33,102
521,149,38,109
523,153,32,100
519,158,35,100
519,155,25,109
509,160,30,101
499,159,38,101
488,159,35,98
472,161,41,93
455,165,43,96
441,166,49,91
421,173,56,88
406,176,58,90
386,177,57,92
369,187,57,89
348,193,62,85
324,197,66,90
305,201,68,88
289,203,68,86
269,208,66,83
250,208,67,83
234,207,66,83
217,205,60,81
198,198,57,83
185,197,50,81
175,193,42,81
163,186,38,82
153,181,31,80
144,176,25,77
131,170,25,76
118,169,29,68
111,165,31,69
103,170,38,63
103,169,46,58
102,165,51,60
102,164,57,57
105,164,60,52
105,165,67,49
107,165,72,54
110,168,74,52
118,173,75,51
125,176,76,53
132,177,80,60
149,173,72,68
162,173,70,72
177,171,68,81
201,169,53,86
222,172,45,89
245,173,41,90
270,173,30,92
289,172,36,100
309,173,38,96
322,179,54,90
341,180,64,89
357,185,77,82
376,185,86,81
389,184,96,83
417,184,89,79
434,179,92,83
458,175,88,89
477,173,88,91
497,168,81,95
510,160,72,97
525,153,70,101
543,148,56,107
553,147,50,108
567,145,38,107
574,145,31,101
580,138,29,111
581,143,32,102
572,141,40,96
568,143,41,97
557,141,49,100
545,145,55,98
540,142,51,103
529,146,51,100
516,154,53,93
509,152,47,97
497,155,45,98
485,159,48,101
477,161,46,100
461,164,49,101
447,165,50,96
429,170,55,91
410,171,51,92
389,176,55,89
372,174,55,89
355,179,57,84
338,181,54,83
325,174,54,83
313,176,50,82
302,176,45,81
293,172,41,85
285,169,39,88
276,168,34,88
267,165,34,89
263,161,30,91
248,160,31,92
245,153,24,92
232,146,29,96
222,146,31,94
212,147,38,91
205,145,39,94
199,144,39,92
195,146,44,91
191,146,47,91
191,145,51,89
193,144,48,92
197,144,48,91
202,145,47,91
207,144,49,94
214,149,44,96
227,152,41,97
238,153,36,98
246,159,35,94
260,157,32,101
272,157,30,101
283,154,28,103
296,153,30,108
314,158,27,101
325,160,32,104
337,158,40,105
352,160,45,101
364,159,49,107
375,166,50,102
390,162,48,101
397,157,52,105
409,157,52,107
417,150,52,110
426,145,52,110
440,145,46,108
447,141,48,109
461,140,46,109
473,137,42,106
481,133,40,102
487,127,42,108
493,128,42,99
500,125,44,100
507,128,37,103
510,130,35,95
509,133,31,96
502,132,35,99
497,136,29,95
485,139,35,96
478,144,32,94
464,146,39,95
449,156,43,87
432,156,49,90
416,155,55,86
401,157,58,86
380,158,64,84
362,160,65,80
341,161,73,76
325,164,72,74
311,162,68,74
294,165,66,71
277,156,63,79
261,155,60,78
249,149,52,78
233,143,44,79
220,135,41,82
211,131,28,82
196,129,22,82
183,130,26,76
168,128,32,72
155,131,38,66
145,133,46,60
134,136,55,54
125,136,63,53
115,137,67,52
109,143,74,49
105,137,74,53
103,138,75,55
101,132,80,65
105,129,76,68
107,129,74,76
116,125,72,84
128,128,65,85
145,131,48,88
153,129,46,92
169,127,39,96
184,129,33,89
205,128,27,93
214,129,40,89
224,129,53,89
236,129,63,92
253,129,68,87
269,126,74,89
288,125,80,92
307,118,80,95
328,114,83,104
349,111,80,106
370,107,76,110
395,102,65,114
412,101,61,114
434,97,54,118
450,93,50,115
469,90,39,114
482,89,32,108
494,85,31,112
497,87,36,108
505,88,30,103
506,89,40,107
508,92,38,103
509,95,42,106
507,96,46,105
502,101,47,107
501,105,40,101
493,108,40,103
492,113,37,100
485,114,38,99
475,117,42,97
467,120,46,96
456,123,51,93
448,125,53,88
441,125,53,88
434,126,55,83
425,126,60,78
413,125,68,77
409,126,64,78
403,125,60,76
401,126,56,75
397,124,54,77
393,121,51,84
389,118,50,85
393,118,38,85
389,119,43,89
389,118,37,89
392,116,34,93
393,115,33,94
394,119,30,90
393,117,31,94
395,118,30,94
395,123,29,90
401,121,25,92
396,122,30,87
407,120,20,90
408,124,26,89
417,123,25,86
421,124,24,86
428,125,25,86
433,119,28,93
442,117,29,99
445,113,30,101
457,114,28,100
461,105,29,108
469,102,32,110
477,98,29,108
481,96,33,110
480,93,41,112
487,92,41,109
489,92,44,111
489,93,50,102
487,90,64,103
491,95,67,97
496,93,72,96
494,95,79,85
497,93,80,86
501,95,78,82
502,95,79,82
503,93,75,88
503,91,72,94
497,92,77,91
500,93,65,98
497,94,61,105
493,97,54,108
489,99,49,111
485,107,46,110
477,109,48,105
465,110,53,111
450,114,56,111
435,121,60,99
423,125,56,96
404,122,68,95
395,124,66,92
383,122,65,91
373,120,68,84
369,115,60,82
361,112,59,90
353,113,54,88
347,110,51,87
345,106,42,92
341,104,38,95
338,104,31,93
337,101,29,92
335,101,26,94
336,101,25,96
334,102,28,95
339,109,23,90
337,109,36,94
345,108,28,94
347,112,31,90
352,113,31,91
353,114,42,88
358,116,43,81
362,115,44,82
369,116,41,83
376,117,44,81
386,120,43,81
393,118,37,84
406,118,34,86
417,115,31,95
428,113,30,96
439,112,29,96
453,110,25,100
465,105,24,108
480,105,24,104
489,104,31,101
501,103,25,101
515,105,25,101
528,106,26,96
538,105,29,96
550,107,33,92
567,108,26,91
577,108,28,86
589,107,28,87
601,104,28,84
610,101,31,88
621,97,20,84
631,93,10,52
629,99,-0,-0
